Worker speed
6
7
8
9
70
131
192
626
868
1110
1472
1834
2168
2558
3040

Worker Capacity
2
4
6
8
10
12
14
16
18
12 - 118
13 - 168
14 - 218
15 - 268
keep adding 50
518
618
keep adding 100
1518
1668

Saw speed
10
30
60
90
130
180
250
330
430
560
720
920
1170
1470
1890 (?)
2320

Saw damage
100
200
300
400
500
600
700
800
900
1100
1300
1500
1700
1900
2100
2300
2500
2700
2900
3200
...

New Miner
1 - 0
2 - 5
3 - 10
4 - 15
5 - 20
6 - 25
7 - 30
8 - 35
9 - 40
10 - 45
11 - 55
12 - 65
...
#10001 - 25030000
#10002 - 25035005

Grinder speed
10
20
40
70

Rail speed
15
21
27
33
39

Minecart count
1 - 10
2 - 14
3 - 18
4 - 22
5 - 26
...
2228 - 401942
2229 - 402302
2230 - 402662

Rail length
5
7
9
11
13
15
17
19
21
23
25
27
29